
static const int cos_table[8][8] = {
    { 32768,  32138,  30273,  27245,  23170,  18204,  12539,   6392 },
    { 32768,  27245,  12539,  -6392, -23170, -32138, -30273, -18204 },
    { 32768,  18204, -12539, -32138, -23170,   6392,  30273,  27245 },
    { 32768,   6392, -30273, -18204,  23170,  27245, -12539, -32138 },
    { 32768,  -6392, -30273,  18204,  23170, -27245, -12539,  32138 },
    { 32768, -18204, -12539,  32138, -23170,  -6392,  30273, -27245 },
    { 32768, -27245,  12539,   6392, -23170,  32138, -30273,  18204 },
    { 32768, -32138,  30273, -27245,  23170, -18204,  12539,  -6392 }
};
